4368
5269
2308
2866
3131
3581
2980
3317
2650
2830
4932
3431
3281
4260
3095
3809
4068
2092
3845
3053
5269
3623
3167
3699
3334
2086
2536
4368
4296
2680
4524
3053
2422
2680
4596
2708
4017
2944
2680
3431
3659
3395
2194
3731
3023
3509
3483
2794
3545
3881
3659
2661
2722
2986
2680
2953
4308
2272
3167
3317
3317
2980
2608
3467
3131
3023
3881
4146
2908
2893
2980
5497
3836
3617
4032
1935
4668
4668
4104
2908
2830
3431
3131
4824
2944
3023
2386
3209
2107
3731
3245
2814
2344
4032
3023
3701
3545
4068
2917
2866
2944
4146
2416
2494
3167
5383
3359
3251
2572
4860
3206
2458
3845
3167
2722
2980
3395
